/*********************************************
* OPL 12.8.0.0 Data
* Author: Adrien BLASSIAU Corentin JUVIGNY
* Creation Date: 01/02/2020 00:33:22
*********************************************/

m=10;
n=10;
B=2710;
Amin=36;
Amax=46;
c=[[4, 8, 4, 8, 3, 6, 5, 1, 3, 10], [1, 6, 4, 10, 10, 8, 2, 4, 3, 9], [9, 8, 5, 6, 3, 8, 1, 0, 1, 1], [4, 4, 0, 9, 3, 7, 6, 10, 4, 6], [0, 2, 5, 8, 10, 4, 2, 4, 0, 6], [3, 4, 5, 6, 4, 4, 5, 4, 9, 2], [0, 6, 1, 9, 5, 4, 4, 3, 9, 9], [5, 6, 3, 5, 4, 3, 10, 8, 7, 5], [4, 6, 3, 4, 10, 8, 2, 3, 5, 1], [8, 10, 10, 8, 3, 0, 5, 3, 9, 0]];
