/*********************************************
* OPL 12.8.0.0 Data
* Author: Adrien BLASSIAU Corentin JUVIGNY
* Creation Date: 18/03/2020 15:07:17
*********************************************/

T=12;
M=4;
R=6;
Emax=[3, 3, 3, 3, 3, 3, 3, 3, 3, 3, 3, 3];
f=[[10, 30, 60, 90], [10, 30, 60, 90], [10, 30, 60, 90], [10, 30, 60, 90], [10, 30, 60, 90], [10, 30, 60, 90], [10, 30, 60, 90], [10, 30, 60, 90], [10, 30, 60, 90], [10, 30, 60, 90], [10, 30, 60, 90], [10, 30, 60, 90]];
e=[[8, 6, 4, 2], [8, 6, 4, 2], [8, 6, 4, 2], [8, 6, 4, 2], [8, 6, 4, 2], [8, 6, 4, 2], [8, 6, 4, 2], [8, 6, 4, 2], [8, 6, 4, 2], [8, 6, 4, 2], [8, 6, 4, 2], [8, 6, 4, 2]];
h=[1, 1, 1, 1, 1, 1, 1, 1, 1, 1, 1, 1];
p=[[0, 0, 0, 0], [0, 0, 0, 0], [0, 0, 0, 0], [0, 0, 0, 0], [0, 0, 0, 0], [0, 0, 0, 0], [0, 0, 0, 0], [0, 0, 0, 0], [0, 0, 0, 0], [0, 0, 0, 0], [0, 0, 0, 0], [0, 0, 0, 0]];
d=[63, 52, 53, 65, 52, 23, 43, 45, 58, 33, 26, 64];
