/*********************************************
* OPL 12.8.0.0 Data
* Author: Adrien BLASSIAU Corentin JUVIGNY
* Creation Date: 20/02/2020 21:16:19
*********************************************/

N=10;
Nm=5;
Nf=5;
C=1;
G=5;
A=2;
T=50;
init=0.001;
individu=[[[[2, 2], [1, 2], [1, 2], [2, 1], [1, 2]]], [[[2, 1], [2, 2], [2, 2], [1, 1], [2, 2]]], [[[1, 2], [2, 1], [1, 2], [2, 2], [1, 2]]], [[[2, 1], [1, 1], [2, 1], [1, 2], [2, 1]]], [[[2, 2], [2, 2], [2, 2], [2, 2], [1, 1]]], [[[1, 2], [2, 1], [2, 2], [2, 1], [2, 1]]], [[[2, 1], [2, 2], [2, 1], [2, 1], [2, 2]]], [[[2, 2], [2, 1], [1, 2], [2, 1], [2, 2]]], [[[1, 1], [1, 2], [1, 1], [2, 2], [1, 2]]], [[[2, 1], [1, 2], [1, 2], [2, 2], [2, 1]]]];
